[gd_scene load_steps=4 format=2]

[ext_resource path="res://entity/player/player.tscn" type="PackedScene" id=1]

[sub_resource type="ProceduralSky" id=1]

[sub_resource type="Environment" id=2]
background_mode = 1
background_sky = SubResource( 1 )
background_color = Color( 0.862745, 0.886275, 0.945098, 1 )
fog_enabled = true
fog_sun_color = Color( 0.929412, 0.670588, 0.14902, 1 )
fog_depth_begin = 1.0
fog_depth_end = 15.0
fog_height_enabled = true
tonemap_mode = 2
tonemap_exposure = 0.5
auto_exposure_enabled = true
dof_blur_far_enabled = true
dof_blur_far_quality = 2
adjustment_enabled = true
adjustment_brightness = 0.82

[node name="World" type="Spatial"]

[node name="TestbedShapes" type="CSGCombiner" parent="."]
use_collision = true

[node name="CSGBox" type="CSGBox" parent="TestbedShapes"]
width = 14.0
height = 0.0692123
depth = 14.0

[node name="CSGBox3" type="CSGBox" parent="TestbedShapes"]
transform = Transform( 0.997049, 0.0767712, 0, -0.0767712, 0.997049, 0, 0, 0, 1, 13.742, -0.445044, 0 )
width = 14.0
height = 0.0692123
depth = 14.0

[node name="CSGBox2" type="CSGBox" parent="TestbedShapes"]
transform = Transform( 0.707107, -0.707107, 0, 0.707107, 0.707107, 0, 0, 0, 1, -2.50179, 0, 0 )
depth = 7.93537

[node name="CSGCylinder" type="CSGCylinder" parent="TestbedShapes"]
transform = Transform( 1, 0, 0, 0, 1, 0, 0, 0, 1, 2.65106, 0, 0 )
radius = 0.177883
height = 6.26305

[node name="CSGCylinder2" type="CSGCylinder" parent="TestbedShapes"]
transform = Transform( 1, 0, 0, 0, 1, 0, 0, 0, 1, 4.38988, 0, -3.6665 )
radius = 0.177883
height = 6.26305

[node name="CSGCylinder3" type="CSGCylinder" parent="TestbedShapes"]
transform = Transform( 1, 0, 0, 0, 1, 0, 0, 0, 1, 3.28321, 0, 1.77048 )
radius = 0.177883
height = 6.26305

[node name="CSGCylinder4" type="CSGCylinder" parent="TestbedShapes"]
transform = Transform( 1, 0, 0, 0, 1, 0, 0, 0, 1, 5.04818, 0, 0.825144 )
radius = 0.177883
height = 6.26305

[node name="CSGCylinder5" type="CSGCylinder" parent="TestbedShapes"]
transform = Transform( 0.64165, 0, -0.766997, 0, 1, 0, 0.766997, 0, 0.64165, 13.7081, 0, -1.25901 )
radius = 0.177883
height = 6.26305

[node name="CSGCylinder6" type="CSGCylinder" parent="TestbedShapes"]
transform = Transform( 0.64165, 0, -0.766997, 0, 1, 0, 0.766997, 0, 0.64165, 17.636, 0, -2.27796 )
radius = 0.177883
height = 6.26305

[node name="CSGCylinder7" type="CSGCylinder" parent="TestbedShapes"]
transform = Transform( 0.64165, 0, -0.766997, 0, 1, 0, 0.766997, 0, 0.64165, 12.7558, 0, 0.36187 )
radius = 0.177883
height = 6.26305

[node name="CSGCylinder8" type="CSGCylinder" parent="TestbedShapes"]
transform = Transform( 0.64165, 0, -0.766997, 0, 1, 0, 0.766997, 0, 0.64165, 14.6133, 0, 1.10903 )
radius = 0.177883
height = 6.26305

[node name="CSGCylinder9" type="CSGCylinder" parent="TestbedShapes"]
transform = Transform( 0.997992, 0, -0.0633478, 0, 1, 0, 0.0633478, 0, 0.997992, 8.33012, 0, 0.861834 )
radius = 0.177883
height = 6.26305

[node name="CSGCylinder10" type="CSGCylinder" parent="TestbedShapes"]
transform = Transform( 0.997992, 0, -0.0633478, 0, 1, 0, 0.0633478, 0, 0.997992, 9.98445, 0, -4.757 )
radius = 0.177883
height = 6.26305

[node name="CSGCylinder11" type="CSGCylinder" parent="TestbedShapes"]
transform = Transform( 0.997992, 0, -0.0633478, 0, 1, 0, 0.0633478, 0, 0.997992, 8.53559, 0, 3.56295 )
radius = 0.177883
height = 6.26305

[node name="CSGCylinder12" type="CSGCylinder" parent="TestbedShapes"]
transform = Transform( 0.997992, 0, -0.0633478, 0, 1, 0, 0.0633478, 0, 0.997992, 10.3569, 0, -1.72357 )
radius = 0.177883
height = 6.26305

[node name="DirectionalLight" type="DirectionalLight" parent="."]
transform = Transform( 0.250342, -0.0937578, 0.963607, -0.900678, 0.34252, 0.26732, -0.355118, -0.934821, 0.00130145, 10.3093, 2.23246, 0 )
light_color = Color( 0.913725, 0.443137, 0.0980392, 1 )
shadow_enabled = true

[node name="WorldEnvironment" type="WorldEnvironment" parent="."]
environment = SubResource( 2 )

[node name="Player" parent="." instance=ExtResource( 1 )]
transform = Transform( 0.108624, 0, -0.994083, 0, 1, 0, 0.994083, 0, 0.108624, 0, 0.380366, 0 )
